/JobWings.txt
3;1001;1001;1003;1003;1003;1003;1003;1003
4;1001
5;1002
6;1007
7;1008
8;1009
9;1109;1111
10;1110;1111
11;1110;1110
12;1109;1109
13;1014
14;1013
15;1101;1101;1103;1103;1103;1103;1103
16;1101;1101;1101;1102;1102;1102;1102
17;1104
18;1105
19;1106
20;1015
21;1016
22;1017
23;1107;1108
24;1108;1108
25;1010
26;1011
27;1012
28;1004
29;1005
30;1006
31;1004;1004;1006;1006;1006;1006;1006;1006
32;1004
33;1005
34;1115
35;1116
36;1112;1112;1112;1112;1112;1112
37;1114;1114;1114;1114;1114;1113;1113
38;1114;1114;1113;1113;1113;1113;1113;1113
39;1018;1018;1020;1020;1020;1020;1020;1020
40;1018
41;1019
42;1021
43;1022
44;1023
45;305
46;306
47;314
48;315
49;1024
50;1025
51;1026
52;1027
53;319
54;320
55;322;322
56;326;327;328;329
57;336;336
58;341
59;347;347
60;1201
62;1204
63;1205
64;1207;1208
68;331
69;2109
70;1221;1221
71;1223;1223
72;1231
73;1232
74;1241
75;1242
76;1251
77;1252
78;1261
79;1262
80;1302;1303
81;1307;1308
82;1312;1313
83;1317;1318
84;1322;1323
85;2111;2112;2113;2114
86;1272
87;1273
88;1275
89;353;353
90;1282
91;1283
92;1285
93;1286
94;1288
95;1289
96;1291
97;1292
98;354
99;355
100;356
101;357
102;358
103;1294
104;2114;2115;2116;2117;2116;2117;2116;2117
105;1335;1303;1303;1303
106;1336;1307;1308;1308
107;1337;1312;1313;1313
108;1338;1317;1318;1318
109;1339;1322;1323;1323
110;1335;1303;1303;1303;1303
111;1336;1308;1308;1308;1308
112;1337;1313;1313;1313;1313
113;1338;1318;1318;1318;1318
114;1339;1323;1323;1323;1323
115;2115;2116;2117
116;2111;2112;2113;2114;2111;2112;2113
117;1101;1102
118;1342;1342;1342;1342;1342;1343;1344;1345;1345
119;1342;1342;1342;1342;1342;1343;1344;1345;1345
120;1342;1345;1345
121;6505
122;6506
123;6508;6509
124;7000;7001;7002
125;7003;7004;7005
126;7000;7001;7002;7003;7004;7005
127;7006;7007;7008
128;7006
129;7006
130;7006
131;7100;7101;7102
132;7103;7104;7105
133;7100;7101;7102;7103;7104;7105
134;7106;7107;7108
135;7106
136;7106
137;7106
138;6650
139;6651
140;8000
141;8101